[redshift]
temp-day=6500
temp-night=3400
location-provider=manual
brightness-day=0.9
brightness-night=0.5

[manual]
lat=51.5252224
lon=-0.15237119999999998
